MST 13 14 52
MST 1 8 60
MST 12 13 68
MST 6 7 115
MST 2 3 126
MST 1 16 150
MST 7 12 177
MST 14 15 237
MST 4 8 271
MST 7 10 288
MST 9 10 328
MST 5 15 401
MST 13 16 406
MST 2 4 474
MST 9 11 1387
INITIAL
STATE -1 -1 0 7788 7788 0 15
1 8 4 2 3 16 13 12 7 6 10 9 11 14 15 5 1 
1 0 0 0 0 0 0 0 0 0 0 0 0 0 0 0 1 
0 1 2 3 4 5 6 7 8 9 10 11 12 13 14 15 16 
STATE 0 1 0 7788 7769 331 13
1 8 4 2 3 16 13 12 7 6 10 9 11 14 15 5 1 
1 3 1 0 0 0 0 0 0 0 0 0 0 0 0 0 1 
0 2 3 4 5 6 7 8 9 10 11 12 13 14 15 16 
STATE 1 3 19 7769 7769 592 12
1 8 4 2 3 16 13 12 7 6 10 9 11 14 15 5 1 
1 3 2 1 0 0 0 0 0 0 0 0 0 0 0 0 1 
0 3 4 5 6 7 8 9 10 11 12 13 14 15 16 
STATE 0 4 0 7769 7686 1217 10
1 8 4 2 3 16 13 12 7 6 10 9 11 14 15 5 1 
1 3 2 1 3 1 0 0 0 0 0 0 0 0 0 0 1 
0 3 5 6 7 8 9 10 11 12 13 14 15 16 
STATE 1 6 1 7768 7686 1622 9
1 8 4 2 3 16 13 12 7 6 10 9 11 14 15 5 1 
1 3 2 1 3 2 1 0 0 0 0 0 0 0 0 0 1 
0 3 6 7 8 9 10 11 12 13 14 15 16 
STATE 1 7 59 7709 7686 1631 8
1 8 4 2 3 16 13 12 7 6 10 9 11 14 15 5 1 
1 3 2 1 3 2 2 1 0 0 0 0 0 0 0 0 1 
0 3 7 8 9 10 11 12 13 14 15 16 
STATE 1 8 6 7703 7686 1802 7
1 8 4 2 3 16 13 12 7 6 10 9 11 14 15 5 1 
1 3 2 1 3 2 2 2 1 0 0 0 0 0 0 0 1 
0 3 8 9 10 11 12 13 14 15 16 
STATE 1 9 15 7688 7686 1902 6
1 8 4 2 3 16 13 12 7 6 10 9 11 14 15 5 1 
1 3 2 1 3 2 2 2 2 1 0 0 0 0 0 0 1 
0 3 9 10 11 12 13 14 15 16 
STATE 1 10 2 7686 7686 1763 5
1 8 4 2 3 16 13 12 7 6 10 9 11 14 15 5 1 
1 3 2 1 3 2 2 2 2 2 1 0 0 0 0 0 1 
0 3 10 11 12 13 14 15 16 
STATE 0 11 0 7686 7668 3478 3
1 8 4 2 3 16 13 12 7 6 10 9 11 14 15 5 1 
1 3 2 1 3 2 2 2 2 2 1 3 1 0 0 0 1 
0 3 10 12 13 14 15 16 
STATE 1 13 18 7668 7668 2747 2
1 8 4 2 3 16 13 12 7 6 10 9 11 14 15 5 1 
1 3 2 1 3 2 2 2 2 2 1 3 2 1 0 0 1 
0 3 10 13 14 15 16 
STATE 0 14 0 7668 7630 3385 0
1 8 4 2 3 16 13 12 7 6 10 9 11 14 15 5 1 
1 3 2 1 3 2 2 2 2 2 1 3 2 1 3 1 1 
0 3 10 13 15 16 
ACCEPT 7668 5216
1 11 8 4 2 3 16 13 12 7 6 10 9 14 15 5 
ACCEPT_PARTITION
STATE -1 -1 0 9790 9790 0 15
1 11 8 4 2 3 16 13 12 7 6 10 9 14 15 5 1 
1 0 0 0 0 0 0 0 0 0 0 0 0 0 0 0 1 
0 1 2 3 4 5 6 7 8 9 10 11 12 13 14 15 16 
STATE 0 1 0 9790 5216 4634 13
1 11 8 4 2 3 16 13 12 7 6 10 9 14 15 5 1 
1 3 1 0 0 0 0 0 0 0 0 0 0 0 0 0 1 
0 2 3 4 5 6 7 8 9 10 11 12 13 14 15 16 
STATE 1 3 38 9752 5216 4867 12
1 11 8 4 2 3 16 13 12 7 6 10 9 14 15 5 1 
1 3 2 1 0 0 0 0 0 0 0 0 0 0 0 0 1 
0 3 4 5 6 7 8 9 10 11 12 13 14 15 16 
STATE 1 4 238 9514 5216 5103 11
1 11 8 4 2 3 16 13 12 7 6 10 9 14 15 5 1 
1 3 2 2 1 0 0 0 0 0 0 0 0 0 0 0 1 
0 4 5 6 7 8 9 10 11 12 13 14 15 16 
STATE 1 5 187 9327 5216 5042 10
1 11 8 4 2 3 16 13 12 7 6 10 9 14 15 5 1 
1 3 2 2 2 1 0 0 0 0 0 0 0 0 0 0 1 
0 5 6 7 8 9 10 11 12 13 14 15 16 
STATE 1 6 979 8348 5216 4562 9
1 11 8 4 2 3 16 13 12 7 6 10 9 14 15 5 1 
1 3 2 2 2 2 1 0 0 0 0 0 0 0 0 0 1 
0 6 7 8 9 10 11 12 13 14 15 16 
STATE 1 7 786 7562 5216 4182 8
1 11 8 4 2 3 16 13 12 7 6 10 9 14 15 5 1 
1 3 2 2 2 2 2 1 0 0 0 0 0 0 0 0 1 
0 7 8 9 10 11 12 13 14 15 16 
STATE 1 8 98 7464 5216 4152 7
1 11 8 4 2 3 16 13 12 7 6 10 9 14 15 5 1 
1 3 2 2 2 2 2 2 1 0 0 0 0 0 0 0 1 
0 8 9 10 11 12 13 14 15 16 
STATE 1 9 354 7110 5216 3975 6
1 11 8 4 2 3 16 13 12 7 6 10 9 14 15 5 1 
1 3 2 2 2 2 2 2 2 1 0 0 0 0 0 0 1 
0 9 10 11 12 13 14 15 16 
STATE 1 10 195 6915 5216 3895 5
1 11 8 4 2 3 16 13 12 7 6 10 9 14 15 5 1 
1 3 2 2 2 2 2 2 2 2 1 0 0 0 0 0 1 
0 10 11 12 13 14 15 16 
STATE 1 11 263 6652 5216 4011 4
1 11 8 4 2 3 16 13 12 7 6 10 9 14 15 5 1 
1 3 2 2 2 2 2 2 2 2 2 1 0 0 0 0 1 
0 11 12 13 14 15 16 
STATE 1 12 638 6014 5216 3701 3
1 11 8 4 2 3 16 13 12 7 6 10 9 14 15 5 1 
1 3 2 2 2 2 2 2 2 2 2 2 1 0 0 0 1 
0 12 13 14 15 16 
STATE 1 13 202 5812 5216 4155 2
1 11 8 4 2 3 16 13 12 7 6 10 9 14 15 5 1 
1 3 2 2 2 2 2 2 2 2 2 2 2 1 0 0 1 
0 13 14 15 16 
STATE 1 14 289 5523 5216 4103 1
1 11 8 4 2 3 16 13 12 7 6 10 9 14 15 5 1 
1 3 2 2 2 2 2 2 2 2 2 2 2 2 1 0 1 
0 14 15 16 
STATE 1 15 307 5216 5216 3818 0
1 11 8 4 2 3 16 13 12 7 6 10 9 14 15 5 1 
1 3 2 2 2 2 2 2 2 2 2 2 2 2 2 1 1 
0 15 16 
ACCEPT 5216 4878
1 11 8 4 2 3 16 13 12 7 6 10 9 5 15 14 
ACCEPT_PARTITION
STATE -1 -1 0 9452 9452 0 15
1 11 8 4 2 3 16 13 12 7 6 10 9 5 15 14 1 
1 0 0 0 0 0 0 0 0 0 0 0 0 0 0 0 1 
0 1 2 3 4 5 6 7 8 9 10 11 12 13 14 15 16 
STATE 0 1 0 9452 4878 4634 13
1 11 8 4 2 3 16 13 12 7 6 10 9 5 15 14 1 
1 3 1 0 0 0 0 0 0 0 0 0 0 0 0 0 1 
0 2 3 4 5 6 7 8 9 10 11 12 13 14 15 16 
STATE 1 3 38 9414 4878 4867 12
1 11 8 4 2 3 16 13 12 7 6 10 9 5 15 14 1 
1 3 2 1 0 0 0 0 0 0 0 0 0 0 0 0 1 
0 3 4 5 6 7 8 9 10 11 12 13 14 15 16 
STATE 1 4 238 9176 4878 5103 11
1 11 8 4 2 3 16 13 12 7 6 10 9 5 15 14 1 
1 3 2 2 1 0 0 0 0 0 0 0 0 0 0 0 1 
0 4 5 6 7 8 9 10 11 12 13 14 15 16 
STATE 1 5 187 8989 4878 5042 10
1 11 8 4 2 3 16 13 12 7 6 10 9 5 15 14 1 
1 3 2 2 2 1 0 0 0 0 0 0 0 0 0 0 1 
0 5 6 7 8 9 10 11 12 13 14 15 16 
STATE 1 6 979 8010 4878 4562 9
1 11 8 4 2 3 16 13 12 7 6 10 9 5 15 14 1 
1 3 2 2 2 2 1 0 0 0 0 0 0 0 0 0 1 
0 6 7 8 9 10 11 12 13 14 15 16 
STATE 1 7 786 7224 4878 4182 8
1 11 8 4 2 3 16 13 12 7 6 10 9 5 15 14 1 
1 3 2 2 2 2 2 1 0 0 0 0 0 0 0 0 1 
0 7 8 9 10 11 12 13 14 15 16 
STATE 1 8 98 7126 4878 4152 7
1 11 8 4 2 3 16 13 12 7 6 10 9 5 15 14 1 
1 3 2 2 2 2 2 2 1 0 0 0 0 0 0 0 1 
0 8 9 10 11 12 13 14 15 16 
STATE 1 9 354 6772 4878 3975 6
1 11 8 4 2 3 16 13 12 7 6 10 9 5 15 14 1 
1 3 2 2 2 2 2 2 2 1 0 0 0 0 0 0 1 
0 9 10 11 12 13 14 15 16 
STATE 1 10 195 6577 4878 3895 5
1 11 8 4 2 3 16 13 12 7 6 10 9 5 15 14 1 
1 3 2 2 2 2 2 2 2 2 1 0 0 0 0 0 1 
0 10 11 12 13 14 15 16 
STATE 1 11 263 6314 4878 4011 4
1 11 8 4 2 3 16 13 12 7 6 10 9 5 15 14 1 
1 3 2 2 2 2 2 2 2 2 2 1 0 0 0 0 1 
0 11 12 13 14 15 16 
STATE 1 12 638 5676 4878 3701 3
1 11 8 4 2 3 16 13 12 7 6 10 9 5 15 14 1 
1 3 2 2 2 2 2 2 2 2 2 2 1 0 0 0 1 
0 12 13 14 15 16 
STATE 1 13 741 4935 4878 3818 2
1 11 8 4 2 3 16 13 12 7 6 10 9 5 15 14 1 
1 3 2 2 2 2 2 2 2 2 2 2 2 1 0 0 1 
0 13 14 15 16 
STATE 1 14 57 4878 4878 4103 1
1 11 8 4 2 3 16 13 12 7 6 10 9 5 15 14 1 
1 3 2 2 2 2 2 2 2 2 2 2 2 2 1 0 1 
0 14 15 16 
STATE 0 15 0 4878 4781 4819 0
1 11 8 4 2 3 16 13 12 7 6 10 9 5 15 14 1 
1 3 2 2 2 2 2 2 2 2 2 2 2 2 1 3 1 
0 14 16 
ACCEPT 4878 4762
1 11 8 4 2 3 16 13 12 7 10 9 6 5 15 14 
ACCEPT_PARTITION
STATE -1 -1 0 9336 9336 0 15
1 11 8 4 2 3 16 13 12 7 10 9 6 5 15 14 1 
1 0 0 0 0 0 0 0 0 0 0 0 0 0 0 0 1 
0 1 2 3 4 5 6 7 8 9 10 11 12 13 14 15 16 
STATE 0 1 0 9336 4762 4634 13
1 11 8 4 2 3 16 13 12 7 10 9 6 5 15 14 1 
1 3 1 0 0 0 0 0 0 0 0 0 0 0 0 0 1 
0 2 3 4 5 6 7 8 9 10 11 12 13 14 15 16 
STATE 1 3 38 9298 4762 4867 12
1 11 8 4 2 3 16 13 12 7 10 9 6 5 15 14 1 
1 3 2 1 0 0 0 0 0 0 0 0 0 0 0 0 1 
0 3 4 5 6 7 8 9 10 11 12 13 14 15 16 
STATE 1 4 238 9060 4762 5103 11
1 11 8 4 2 3 16 13 12 7 10 9 6 5 15 14 1 
1 3 2 2 1 0 0 0 0 0 0 0 0 0 0 0 1 
0 4 5 6 7 8 9 10 11 12 13 14 15 16 
STATE 1 5 187 8873 4762 5042 10
1 11 8 4 2 3 16 13 12 7 10 9 6 5 15 14 1 
1 3 2 2 2 1 0 0 0 0 0 0 0 0 0 0 1 
0 5 6 7 8 9 10 11 12 13 14 15 16 
STATE 1 6 979 7894 4762 4562 9
1 11 8 4 2 3 16 13 12 7 10 9 6 5 15 14 1 
1 3 2 2 2 2 1 0 0 0 0 0 0 0 0 0 1 
0 6 7 8 9 10 11 12 13 14 15 16 
STATE 1 7 786 7108 4762 4182 8
1 11 8 4 2 3 16 13 12 7 10 9 6 5 15 14 1 
1 3 2 2 2 2 2 1 0 0 0 0 0 0 0 0 1 
0 7 8 9 10 11 12 13 14 15 16 
STATE 1 8 98 7010 4762 4152 7
1 11 8 4 2 3 16 13 12 7 10 9 6 5 15 14 1 
1 3 2 2 2 2 2 2 1 0 0 0 0 0 0 0 1 
0 8 9 10 11 12 13 14 15 16 
STATE 1 9 354 6656 4762 3975 6
1 11 8 4 2 3 16 13 12 7 10 9 6 5 15 14 1 
1 3 2 2 2 2 2 2 2 1 0 0 0 0 0 0 1 
0 9 10 11 12 13 14 15 16 
STATE 1 10 252 6404 4762 4011 5
1 11 8 4 2 3 16 13 12 7 10 9 6 5 15 14 1 
1 3 2 2 2 2 2 2 2 2 1 0 0 0 0 0 1 
0 10 11 12 13 14 15 16 
STATE 1 11 638 5766 4762 3701 4
1 11 8 4 2 3 16 13 12 7 10 9 6 5 15 14 1 
1 3 2 2 2 2 2 2 2 2 2 1 0 0 0 0 1 
0 11 12 13 14 15 16 
STATE 1 12 276 5490 4762 3895 3
1 11 8 4 2 3 16 13 12 7 10 9 6 5 15 14 1 
1 3 2 2 2 2 2 2 2 2 2 2 1 0 0 0 1 
0 12 13 14 15 16 
STATE 1 13 555 4935 4762 3818 2
1 11 8 4 2 3 16 13 12 7 10 9 6 5 15 14 1 
1 3 2 2 2 2 2 2 2 2 2 2 2 1 0 0 1 
0 13 14 15 16 
STATE 1 14 116 4819 4762 4103 1
1 11 8 4 2 3 16 13 12 7 10 9 6 5 15 14 1 
1 3 2 2 2 2 2 2 2 2 2 2 2 2 1 0 1 
0 14 15 16 
STATE 1 15 57 4762 4762 4155 0
1 11 8 4 2 3 16 13 12 7 10 9 6 5 15 14 1 
1 3 2 2 2 2 2 2 2 2 2 2 2 2 2 1 1 
0 15 16 
ACCEPT 4762 4726
1 11 8 4 2 3 16 12 7 10 9 6 5 15 14 13 
ACCEPT_PARTITION
STATE -1 -1 0 9300 9300 0 15
1 11 8 4 2 3 16 12 7 10 9 6 5 15 14 13 1 
1 0 0 0 0 0 0 0 0 0 0 0 0 0 0 0 1 
0 1 2 3 4 5 6 7 8 9 10 11 12 13 14 15 16 
STATE 0 1 0 9300 4726 4634 13
1 11 8 4 2 3 16 12 7 10 9 6 5 15 14 13 1 
1 3 1 0 0 0 0 0 0 0 0 0 0 0 0 0 1 
0 2 3 4 5 6 7 8 9 10 11 12 13 14 15 16 
STATE 1 3 38 9262 4726 4867 12
1 11 8 4 2 3 16 12 7 10 9 6 5 15 14 13 1 
1 3 2 1 0 0 0 0 0 0 0 0 0 0 0 0 1 
0 3 4 5 6 7 8 9 10 11 12 13 14 15 16 
STATE 1 4 238 9024 4726 5103 11
1 11 8 4 2 3 16 12 7 10 9 6 5 15 14 13 1 
1 3 2 2 1 0 0 0 0 0 0 0 0 0 0 0 1 
0 4 5 6 7 8 9 10 11 12 13 14 15 16 
STATE 1 5 187 8837 4726 5042 10
1 11 8 4 2 3 16 12 7 10 9 6 5 15 14 13 1 
1 3 2 2 2 1 0 0 0 0 0 0 0 0 0 0 1 
0 5 6 7 8 9 10 11 12 13 14 15 16 
STATE 1 6 979 7858 4726 4562 9
1 11 8 4 2 3 16 12 7 10 9 6 5 15 14 13 1 
1 3 2 2 2 2 1 0 0 0 0 0 0 0 0 0 1 
0 6 7 8 9 10 11 12 13 14 15 16 
STATE 1 7 827 7031 4726 4152 8
1 11 8 4 2 3 16 12 7 10 9 6 5 15 14 13 1 
1 3 2 2 2 2 2 1 0 0 0 0 0 0 0 0 1 
0 7 8 9 10 11 12 13 14 15 16 
STATE 1 8 354 6677 4726 3975 7
1 11 8 4 2 3 16 12 7 10 9 6 5 15 14 13 1 
1 3 2 2 2 2 2 2 1 0 0 0 0 0 0 0 1 
0 8 9 10 11 12 13 14 15 16 
STATE 1 9 252 6425 4726 4011 6
1 11 8 4 2 3 16 12 7 10 9 6 5 15 14 13 1 
1 3 2 2 2 2 2 2 2 1 0 0 0 0 0 0 1 
0 9 10 11 12 13 14 15 16 
STATE 1 10 638 5787 4726 3701 5
1 11 8 4 2 3 16 12 7 10 9 6 5 15 14 13 1 
1 3 2 2 2 2 2 2 2 2 1 0 0 0 0 0 1 
0 10 11 12 13 14 15 16 
STATE 1 11 276 5511 4726 3895 4
1 11 8 4 2 3 16 12 7 10 9 6 5 15 14 13 1 
1 3 2 2 2 2 2 2 2 2 2 1 0 0 0 0 1 
0 11 12 13 14 15 16 
STATE 1 12 555 4956 4726 3818 3
1 11 8 4 2 3 16 12 7 10 9 6 5 15 14 13 1 
1 3 2 2 2 2 2 2 2 2 2 2 1 0 0 0 1 
0 12 13 14 15 16 
STATE 1 13 116 4840 4726 4103 2
1 11 8 4 2 3 16 12 7 10 9 6 5 15 14 13 1 
1 3 2 2 2 2 2 2 2 2 2 2 2 1 0 0 1 
0 13 14 15 16 
STATE 1 14 114 4726 4726 4155 1
1 11 8 4 2 3 16 12 7 10 9 6 5 15 14 13 1 
1 3 2 2 2 2 2 2 2 2 2 2 2 2 1 0 1 
0 14 15 16 
STATE 0 15 0 4726 4705 4655 0
1 11 8 4 2 3 16 12 7 10 9 6 5 15 14 13 1 
1 3 2 2 2 2 2 2 2 2 2 2 2 2 1 3 1 
0 14 16 
ACCEPT 4726 4694
1 11 8 4 2 3 16 12 10 9 7 6 5 15 14 13 
ACCEPT_PARTITION
STATE -1 -1 0 9268 9268 0 15
1 11 8 4 2 3 16 12 10 9 7 6 5 15 14 13 1 
1 0 0 0 0 0 0 0 0 0 0 0 0 0 0 0 1 
0 1 2 3 4 5 6 7 8 9 10 11 12 13 14 15 16 
STATE 0 1 0 9268 4694 4634 13
1 11 8 4 2 3 16 12 10 9 7 6 5 15 14 13 1 
1 3 1 0 0 0 0 0 0 0 0 0 0 0 0 0 1 
0 2 3 4 5 6 7 8 9 10 11 12 13 14 15 16 
STATE 1 3 38 9230 4694 4867 12
1 11 8 4 2 3 16 12 10 9 7 6 5 15 14 13 1 
1 3 2 1 0 0 0 0 0 0 0 0 0 0 0 0 1 
0 3 4 5 6 7 8 9 10 11 12 13 14 15 16 
STATE 1 4 238 8992 4694 5103 11
1 11 8 4 2 3 16 12 10 9 7 6 5 15 14 13 1 
1 3 2 2 1 0 0 0 0 0 0 0 0 0 0 0 1 
0 4 5 6 7 8 9 10 11 12 13 14 15 16 
STATE 1 5 187 8805 4694 5042 10
1 11 8 4 2 3 16 12 10 9 7 6 5 15 14 13 1 
1 3 2 2 2 1 0 0 0 0 0 0 0 0 0 0 1 
0 5 6 7 8 9 10 11 12 13 14 15 16 
STATE 1 6 979 7826 4694 4562 9
1 11 8 4 2 3 16 12 10 9 7 6 5 15 14 13 1 
1 3 2 2 2 2 1 0 0 0 0 0 0 0 0 0 1 
0 6 7 8 9 10 11 12 13 14 15 16 
STATE 1 7 827 6999 4694 4152 8
1 11 8 4 2 3 16 12 10 9 7 6 5 15 14 13 1 
1 3 2 2 2 2 2 1 0 0 0 0 0 0 0 0 1 
0 7 8 9 10 11 12 13 14 15 16 
STATE 1 8 474 6525 4694 4011 7
1 11 8 4 2 3 16 12 10 9 7 6 5 15 14 13 1 
1 3 2 2 2 2 2 2 1 0 0 0 0 0 0 0 1 
0 8 9 10 11 12 13 14 15 16 
STATE 1 9 638 5887 4694 3701 6
1 11 8 4 2 3 16 12 10 9 7 6 5 15 14 13 1 
1 3 2 2 2 2 2 2 2 1 0 0 0 0 0 0 1 
0 9 10 11 12 13 14 15 16 
STATE 1 10 181 5706 4694 3975 5
1 11 8 4 2 3 16 12 10 9 7 6 5 15 14 13 1 
1 3 2 2 2 2 2 2 2 2 1 0 0 0 0 0 1 
0 10 11 12 13 14 15 16 
STATE 1 11 195 5511 4694 3895 4
1 11 8 4 2 3 16 12 10 9 7 6 5 15 14 13 1 
1 3 2 2 2 2 2 2 2 2 2 1 0 0 0 0 1 
0 11 12 13 14 15 16 
STATE 1 12 555 4956 4694 3818 3
1 11 8 4 2 3 16 12 10 9 7 6 5 15 14 13 1 
1 3 2 2 2 2 2 2 2 2 2 2 1 0 0 0 1 
0 12 13 14 15 16 
STATE 1 13 116 4840 4694 4103 2
1 11 8 4 2 3 16 12 10 9 7 6 5 15 14 13 1 
1 3 2 2 2 2 2 2 2 2 2 2 2 1 0 0 1 
0 13 14 15 16 
STATE 1 14 146 4694 4694 4155 1
1 11 8 4 2 3 16 12 10 9 7 6 5 15 14 13 1 
1 3 2 2 2 2 2 2 2 2 2 2 2 2 1 0 1 
0 14 15 16 
STATE 0 15 0 4694 4673 4655 0
1 11 8 4 2 3 16 12 10 9 7 6 5 15 14 13 1 
1 3 2 2 2 2 2 2 2 2 2 2 2 2 1 3 1 
0 14 16 
ACCEPT 4694 4653
1 11 8 4 2 3 16 10 9 7 6 5 15 14 13 12 
ACCEPT_PARTITION
STATE -1 -1 0 9227 9227 0 15
1 11 8 4 2 3 16 10 9 7 6 5 15 14 13 12 1 
1 0 0 0 0 0 0 0 0 0 0 0 0 0 0 0 1 
0 1 2 3 4 5 6 7 8 9 10 11 12 13 14 15 16 
STATE 0 1 0 9227 4653 4634 13
1 11 8 4 2 3 16 10 9 7 6 5 15 14 13 12 1 
1 3 1 0 0 0 0 0 0 0 0 0 0 0 0 0 1 
0 2 3 4 5 6 7 8 9 10 11 12 13 14 15 16 
STATE 1 3 38 9189 4653 4867 12
1 11 8 4 2 3 16 10 9 7 6 5 15 14 13 12 1 
1 3 2 1 0 0 0 0 0 0 0 0 0 0 0 0 1 
0 3 4 5 6 7 8 9 10 11 12 13 14 15 16 
STATE 1 4 238 8951 4653 5103 11
1 11 8 4 2 3 16 10 9 7 6 5 15 14 13 12 1 
1 3 2 2 1 0 0 0 0 0 0 0 0 0 0 0 1 
0 4 5 6 7 8 9 10 11 12 13 14 15 16 
STATE 1 5 187 8764 4653 5042 10
1 11 8 4 2 3 16 10 9 7 6 5 15 14 13 12 1 
1 3 2 2 2 1 0 0 0 0 0 0 0 0 0 0 1 
0 5 6 7 8 9 10 11 12 13 14 15 16 
STATE 1 6 979 7785 4653 4562 9
1 11 8 4 2 3 16 10 9 7 6 5 15 14 13 12 1 
1 3 2 2 2 2 1 0 0 0 0 0 0 0 0 0 1 
0 6 7 8 9 10 11 12 13 14 15 16 
STATE 1 7 1161 6624 4653 4011 8
1 11 8 4 2 3 16 10 9 7 6 5 15 14 13 12 1 
1 3 2 2 2 2 2 1 0 0 0 0 0 0 0 0 1 
0 7 8 9 10 11 12 13 14 15 16 
STATE 1 8 638 5986 4653 3701 7
1 11 8 4 2 3 16 10 9 7 6 5 15 14 13 12 1 
1 3 2 2 2 2 2 2 1 0 0 0 0 0 0 0 1 
0 8 9 10 11 12 13 14 15 16 
STATE 1 9 181 5805 4653 3975 6
1 11 8 4 2 3 16 10 9 7 6 5 15 14 13 12 1 
1 3 2 2 2 2 2 2 2 1 0 0 0 0 0 0 1 
0 9 10 11 12 13 14 15 16 
STATE 1 10 195 5610 4653 3895 5
1 11 8 4 2 3 16 10 9 7 6 5 15 14 13 12 1 
1 3 2 2 2 2 2 2 2 2 1 0 0 0 0 0 1 
0 10 11 12 13 14 15 16 
STATE 1 11 555 5055 4653 3818 4
1 11 8 4 2 3 16 10 9 7 6 5 15 14 13 12 1 
1 3 2 2 2 2 2 2 2 2 2 1 0 0 0 0 1 
0 11 12 13 14 15 16 
STATE 1 12 116 4939 4653 4103 3
1 11 8 4 2 3 16 10 9 7 6 5 15 14 13 12 1 
1 3 2 2 2 2 2 2 2 2 2 2 1 0 0 0 1 
0 12 13 14 15 16 
STATE 1 13 185 4754 4653 4155 2
1 11 8 4 2 3 16 10 9 7 6 5 15 14 13 12 1 
1 3 2 2 2 2 2 2 2 2 2 2 2 1 0 0 1 
0 13 14 15 16 
STATE 1 14 25 4729 4653 4182 1
1 11 8 4 2 3 16 10 9 7 6 5 15 14 13 12 1 
1 3 2 2 2 2 2 2 2 2 2 2 2 2 1 0 1 
0 14 15 16 
STATE 1 15 76 4653 4653 4152 0
1 11 8 4 2 3 16 10 9 7 6 5 15 14 13 12 1 
1 3 2 2 2 2 2 2 2 2 2 2 2 2 2 1 1 
0 15 16 
FINAL
STATE -1 -1 0 9227 9227 0 15
1 11 8 4 2 3 16 10 9 7 6 5 15 14 13 12 1 
1 0 0 0 0 0 0 0 0 0 0 0 0 0 0 0 1 
0 1 2 3 4 5 6 7 8 9 10 11 12 13 14 15 16 
STATE 0 1 0 9227 4653 4634 13
1 11 8 4 2 3 16 10 9 7 6 5 15 14 13 12 1 
1 3 1 0 0 0 0 0 0 0 0 0 0 0 0 0 1 
0 2 3 4 5 6 7 8 9 10 11 12 13 14 15 16 
STATE 1 3 38 9189 4653 4867 12
1 11 8 4 2 3 16 10 9 7 6 5 15 14 13 12 1 
1 3 2 1 0 0 0 0 0 0 0 0 0 0 0 0 1 
0 3 4 5 6 7 8 9 10 11 12 13 14 15 16 
STATE 1 4 238 8951 4653 5103 11
1 11 8 4 2 3 16 10 9 7 6 5 15 14 13 12 1 
1 3 2 2 1 0 0 0 0 0 0 0 0 0 0 0 1 
0 4 5 6 7 8 9 10 11 12 13 14 15 16 
STATE 1 5 187 8764 4653 5042 10
1 11 8 4 2 3 16 10 9 7 6 5 15 14 13 12 1 
1 3 2 2 2 1 0 0 0 0 0 0 0 0 0 0 1 
0 5 6 7 8 9 10 11 12 13 14 15 16 
STATE 1 6 979 7785 4653 4562 9
1 11 8 4 2 3 16 10 9 7 6 5 15 14 13 12 1 
1 3 2 2 2 2 1 0 0 0 0 0 0 0 0 0 1 
0 6 7 8 9 10 11 12 13 14 15 16 
STATE 1 7 1161 6624 4653 4011 8
1 11 8 4 2 3 16 10 9 7 6 5 15 14 13 12 1 
1 3 2 2 2 2 2 1 0 0 0 0 0 0 0 0 1 
0 7 8 9 10 11 12 13 14 15 16 
STATE 1 8 638 5986 4653 3701 7
1 11 8 4 2 3 16 10 9 7 6 5 15 14 13 12 1 
1 3 2 2 2 2 2 2 1 0 0 0 0 0 0 0 1 
0 8 9 10 11 12 13 14 15 16 
STATE 1 9 181 5805 4653 3975 6
1 11 8 4 2 3 16 10 9 7 6 5 15 14 13 12 1 
1 3 2 2 2 2 2 2 2 1 0 0 0 0 0 0 1 
0 9 10 11 12 13 14 15 16 
STATE 1 10 195 5610 4653 3895 5
1 11 8 4 2 3 16 10 9 7 6 5 15 14 13 12 1 
1 3 2 2 2 2 2 2 2 2 1 0 0 0 0 0 1 
0 10 11 12 13 14 15 16 
STATE 1 11 555 5055 4653 3818 4
1 11 8 4 2 3 16 10 9 7 6 5 15 14 13 12 1 
1 3 2 2 2 2 2 2 2 2 2 1 0 0 0 0 1 
0 11 12 13 14 15 16 
STATE 1 12 116 4939 4653 4103 3
1 11 8 4 2 3 16 10 9 7 6 5 15 14 13 12 1 
1 3 2 2 2 2 2 2 2 2 2 2 1 0 0 0 1 
0 12 13 14 15 16 
STATE 1 13 185 4754 4653 4155 2
1 11 8 4 2 3 16 10 9 7 6 5 15 14 13 12 1 
1 3 2 2 2 2 2 2 2 2 2 2 2 1 0 0 1 
0 13 14 15 16 
STATE 1 14 25 4729 4653 4182 1
1 11 8 4 2 3 16 10 9 7 6 5 15 14 13 12 1 
1 3 2 2 2 2 2 2 2 2 2 2 2 2 1 0 1 
0 14 15 16 
STATE 1 15 76 4653 4653 4152 0
1 11 8 4 2 3 16 10 9 7 6 5 15 14 13 12 1 
1 3 2 2 2 2 2 2 2 2 2 2 2 2 2 1 1 
0 15 16 
RESULT 4653 4653 4152
